15828.0,7337.0,6344.0,19806.0,13691.0,8970.0,12839.0,11616.0,14608.0,11796.0,11727.0,18288.0,7271.0,11151.0,3479.0,9974.0,6290.0,3988.0,5525.0,12206.0,16741.0,4732.0,4933.0,5820.0,17055.0,4412.0,8100.0,13229.0,18211.0,10311.0,10020.0,11403.0,14180.0,
11573.0,7729.0,17358.0,6642.0,3511.0,6821.0,3058.0,8782.0,7302.0,3929.0,3431.0,17637.0,12890.0,15450.0,19868.0,19103.0,18338.0,5559.0,19090.0,10289.0,9156.0,8475.0,9708.0,5166.5,18374.0,16711.0,9616.0,7040.0,19294.0,7686.0,17327.0,11021.0,8516.0,11416.0,18106.0,9282.0,11452.0,9644.0,12894.0,4083.0,10128.0,12686.0,15244.0,4881.0,17450.0,10415.0,4984.0,15123.0,3776.0,8129.0,9235.0,5739.0,6760.0,4159.0,
18588.0,15896.0,14661.0,12213.0,8436.0,3417.0,11822.0,17452.0,18669.0,3266.0,14199.0,5032.0,9353.0,13992.0,19829.0,13324.5,6820.0,3124.0,5718.0,12467.0,17279.0,14830.0,15471.0,18939.0,18107.0,15814.0,13521.0,10933.0,3201.0,4716.0,12777.0,19509.0,9356.0,13715.0,9170.0,12755.0,9349.0,8742.0,14727.0,14351.0,
5197.0,12037.0,3315.0,18682.0,4142.0,12280.0,19718.0,15649.0,17922.0,7496.0,11685.0,14713.0,14820.0,17351.0,13944.0,8320.0,18008.0,8787.0,13302.0,10588.0,3304.0,8145.0,12614.0,17465.0,8154.0,18351.0,13694.0,
17568.0,12862.0,7973.0,18894.0,2955.0,7590.0,13463.0,13194.0,17453.0,16224.0,13603.5,10983.0,18112.0,4180.0,14743.0,16482.0,11507.0,11719.0,9695.0,11283.0,5240.0,13786.0,12747.0,12421.0,14573.0,7421.0,6995.0,15021.0,9314.0,19747.0,11564.0,18281.0,15543.0,19801.0,19560.0,19319.0,8395.0,8880.0,5735.0,4428.0,
18383.0,14187.0,3265.0,12439.0,7658.0,16857.0,14568.0,8181.0,18215.0,4885.0,5741.0,16383.0,13485.0,15959.5,18434.0,18675.0,10541.0,10722.0,15505.0,14464.0,13713.0,14383.0,
7629.0,3478.0,17861.0,12061.0,18814.0,7265.0,12717.0,7129.0,15625.0,5420.0,4155.0,14196.0,19476.0,19447.0,16284.0,19041.0,4946.0,5442.0,14054.0,4971.0,11693.0,13493.0,4212.0,10433.0,16738.0,7628.0,17675.0,6795.0,9952.0,11606.0,13516.0,7261.0,
6607.0,7326.0,17646.0,18612.0,11173.0,8932.0,3338.0,14683.0,10536.0,10445.0,12010.0,13042.0,4569.0,8042.0,3158.0,9728.0,3245.0,17394.0,13516.0,8377.0,5003.0,7562.0,6038.0,4079.0,15550.0,
12492.0,15685.0,7667.0,17193.0,7614.0,8514.0,10351.0,16427.0,10240.0,9773.0,11362.0,7685.0,13347.0,3179.0,12826.0,18049.0,17559.0,8957.0,
12927.0,6389.0,6393.0,13340.0,16940.0,4496.0,3767.0,19597.0,3859.0,10429.0,8850.0,17471.0,9504.0,6888.0,7150.0,12350.0,19752.0,15639.0,9026.0,7951.5,15487.0,4914.0,3352.0,18078.0,9622.0,5924.0,11822.0,11845.0,15789.0,13324.0,13071.0,4107.0,4883.0,11627.0,18830.0,18269.0,9579.0,4979.5,7809.0,16338.0,17322.0,7128.0,7814.0,6335.0,11833.0,17331.0,15072.0,12813.0,8480.0,15720.0,7409.0,9608.0,14731.0,8674.0,12575.0,8391.0,13139.0,18708.0,11825.0,
9126.0,18107.0,3554.0,16457.0,3751.0,16723.0,19540.0,3668.0,19292.0,19378.0,8109.0,11309.0,16885.0,12848.0,4092.0,4705.0,16710.0,10686.0,7219.0,5263.0,12039.0,8369.0,19836.0,17777.0,
12784.0,17316.0,11495.0,7359.0,6935.0,4594.0,6276.0,8400.0,9221.0,10387.0,11859.0,14333.0,14694.0,15055.0,10381.0,14203.0,5671.0,12638.0,6582.0,5455.0,4799.0,3009.0,15831.0,6613.0,19699.0,11619.0,17847.0,10223.0,18932.0,12143.0,16330.0,14072.0,6261.0,5901.0,
9224.0,9425.0,18814.0,8629.0,16382.0,16082.0,7316.0,8549.0,16416.0,19724.0,19210.0,19152.0,10259.0,14009.0,13212.0,10061.0,13784.0,16407.0,19030.0,9877.0,5342.0,19127.0,9114.0,6011.0,6788.0,13783.0,12302.0,12573.0,14392.0,9789.0,7434.0,12169.0,13384.0,8601.0,
14416.0,11653.0,19162.0,11805.0,17052.0,9706.0,9125.0,15988.0,15155.0,6773.0,8311.5,9850.0,12999.0,12622.0,19293.0,4446.0,18446.0,7461.0,7820.0,12814.0,12422.0,9253.0,6084.0,13141.0,15298.0,15856.0,18014.0,14902.0,17446.5,19991.0,10825.0,6464.0,15728.0,10640.0,14652.0,9617.0,9627.0,11959.0,
19720.0,14139.0,9192.0,15403.0,10239.0,9074.0,15590.0,11740.0,11669.0,13680.0,17090.0,16887.0,12762.5,8638.0,10254.0,17707.0,18342.0,8301.0,19891.0,15851.0,11295.0,15534.0,15673.0,17358.5,19044.0,9644.0,18917.0,17558.0,5435.0,9645.0,2929.0,5183.0,14918.0,8806.0,8774.0,18195.0,7880.0,
16979.0,5589.0,10788.0,18348.0,11161.0,8591.0,13533.0,6396.0,3751.0,19666.0,15450.0,4095.0,19170.0,15546.0,11922.0,17059.0,14574.0,10003.0,3093.0,6746.0,19458.0,17022.0,3665.0,5581.0,9060.0,6764.0,4468.0,5346.0,5194.5,5043.0,12738.0,7005.0,12367.0,18773.0,12210.0,11941.0,7292.5,9808.0,19172.0,10874.0,6104.0,18945.0,14827.0,15984.0,14236.0,10292.0,9374.0,9180.0,8986.0,10010.0,19901.0,6591.0,13411.0,11112.0,15633.0,18922.0,10975.0,12388.0,5292.0,8430.0,9108.0,4871.0,13717.0,5564.0,11934.0,15787.0,10953.0,
11574.0,16944.0,8855.0,10982.0,13536.0,5285.0,11121.0,17194.0,12840.5,8487.0,10721.0,15820.0,10986.0,6152.0,19641.0,17482.0,15323.0,18668.0,6369.0,19808.0,12573.0,19986.0,12240.0,19459.0,15614.0,12863.0,13413.5,13964.0,13178.0,12332.0,14315.5,16299.0,6948.0,6778.0,13376.0,12279.0,3726.0,
13718.0,15191.0,12385.0,6182.0,5239.0,15937.0,10148.0,16086.0,6627.0,4327.0,7154.0,15558.0,8942.0,13325.0,8219.0,4667.0,17103.0,3852.0,9706.0,14410.0,8394.0,5503.0,3629.0,13834.0,15843.0,17852.0,12411.5,6971.0,16636.0,8691.0,11864.0,5751.0,7655.0,7559.0,11563.0,10574.0,17464.0,6803.0,19901.0,16816.0,13731.0,7276.0,10191.0,3329.0,15714.0,10256.0,11706.0,14644.0,
10662.0,12795.0,19001.0,10604.0,8138.0,6376.0,4477.0,3474.0,8410.0,17369.0,6335.0,5717.0,7017.0,8317.0,5196.0,5274.0,7070.0,9386.0,5937.0,
5599.0,11074.0,8735.0,11622.0,6366.0,17238.0,13006.0,15513.0,8932.0,15021.0,15768.0,13067.0,6841.0,18198.0,4559.0,12668.0,17742.0,17296.0,11951.0,15474.0,4704.0,11494.0,
4176.0,7321.0,12374.0,9236.0,17421.0,11363.0,16124.0,10289.0,5732.0,18902.0,3954.0,19367.0,9101.0,6174.0,3247.0,16358.0,12952.0,13469.0,14185.0,10380.0,19225.0,14456.0,18086.0,9449.0,4391.0,16088.0,6165.0,10596.0,13930.0,14586.0,7961.0,10760.0,6815.0,
13762.0,7714.0,18144.0,18807.0,17043.0,7085.0,14887.0,4446.0,17191.0,5726.0,6487.0,5061.0,3635.0,9618.0,14204.0,4624.0,10032.0,7466.0,13066.0,3900.0,19132.0,18008.0,11532.5,5057.0,9817.0,18723.0,8886.0,6201.0,11712.0,8356.0,3941.0,4628.0,11364.0,9083.0,16821.0,4759.0,6524.0,15965.0,14542.0,17337.0,6869.0,11702.0,13836.0,18777.0,
4624.0,17450.0,18568.0,10714.0,13068.0,19632.0,15100.0,17117.0,6408.0,9833.0,8592.0,7856.5,14456.0,17954.0,9962.0,6692.0,6837.0,17336.0,6565.0,10798.0,19645.0,17583.0,9416.0,16498.0,19634.0,13910.0,8186.0,12463.0,16740.0,12283.0,17597.0,8002.0,7229.0,3909.0,5770.0,7631.0,19834.0,15162.0,11350.0,8376.0,6355.0,4113.0,4434.0,11676.0,14647.0,15241.0,15742.0,5330.0,19758.0,4338.0,15475.0,12277.0,4303.0,17728.0,15077.0,
15485.0,4639.0,6992.0,14488.0,5098.0,15212.0,7556.0,3039.0,19849.0,16196.0,8254.0,10111.0,11968.0,18751.0,9558.0,13275.0,13349.0,4406.0,11726.0,15292.0,14941.0,9428.0,6155.5,12821.0,17472.0,6840.0,6405.0,5970.0,10139.0,5888.5,6178.0,11518.0,6765.0,10528.0,18969.0,9655.0,12336.0,18415.0,12886.0,18665.0,9586.0,17266.0,5096.0,18181.0,15997.5,13814.0,6823.0,15090.0,19422.0,9482.0,
16195.0,12951.0,16386.0,11679.0,16428.0,8156.0,16195.0,14622.0,15257.0,13011.0,8097.0,4252.0,10682.0,7481.0,16974.0,7305.0,7862.0,18877.0,
4354.0,12910.0,6971.0,19950.0,8146.0,15176.0,4524.0,5225.0,14567.0,11223.0,4510.0,14997.0,5926.0,6527.0,8839.0,12864.0,12334.0,6854.0,10677.0,14567.0,18457.0,6647.0,13306.0,18961.0,10053.0,19724.0,19987.0,16371.0,
4972.0,7862.0,10640.0,3608.0,7233.0,19066.0,3025.0,10628.0,8244.5,5861.0,5257.0,6222.0,19722.0,18123.0,18254.0,14146.5,10039.0,9623.0,9626.0,7642.0,
18794.0,9378.0,10588.0,6563.0,10753.0,19688.0,19393.0,10183.0,2973.0,3335.0,19529.0,15351.0,7970.0,2943.0,10950.0,7681.0,9997.0,11073.0,7990.0,8478.0,5668.0,5482.0,6117.0,18484.0,9895.5,18959.0,17914.0,17220.0,14855.0,12490.0,7917.0,3344.0,9942.0,13725.0,11411.0,13882.0,16169.0,13668.0,13007.0,6215.0,5462.0,13109.0,9059.5,5010.0,18622.0,14096.0,6843.0,3082.0,5505.0,10640.0,12020.0,9674.0,12232.0,4417.0,9560.0,13237.0,13421.0,10630.0,19630.0,14033.0,11600.0,15336.0,
18457.0,13831.0,13828.0,9486.0,17997.0,16346.0,18018.0,16374.0,8251.5,13881.0,16081.0,8650.5,3719.0,12375.0,12512.0,14860.0,17208.0,3404.0,17722.0,8141.0,17109.0,19774.0,8359.0,7616.0,11671.0,14553.0,11959.0,10898.0,15916.0,10399.0,15134.0,5141.0,
11363.0,7473.0,3579.0,11678.0,3043.0,9557.0,13829.0,19225.0,9935.0,12329.0,11509.0,18515.0,10876.0,7742.0,8411.0,9080.0,17080.0,8062.0,5124.0,14770.0,8428.0,12442.0,15616.0,17594.0,15487.0,13042.0,10640.0,6020.0,16124.0,18505.0,15519.0,7891.0,11682.0,3959.0,5497.0,9464.5,13432.0,4239.0,8446.0,15116.0,11027.0,13485.0,8151.0,14240.0,14839.0,4459.0,19991.0,7669.0,13755.0,12327.0,9019.0,14534.0,13515.0,5310.0,10633.0,8904.0,12337.0,4274.0,
13161.0,14362.0,18619.0,3739.0,18223.0,14964.0,11628.0,12032.0,12329.0,8789.0,3941.0,2985.0,9965.0,4951.0,10378.0,6458.5,14917.0,11236.0,15956.0,8898.0,
4347.0,16241.0,11991.0,17252.0,17647.0,4897.0,10615.0,10698.0,7229.0,5674.0,15080.0,5294.0,13708.0,16125.0,13422.0,9697.0,
15456.0,11212.0,3012.0,16218.0,10217.0,3213.0,12888.0,5448.0,7776.0,5172.0,10454.0,7720.0,5907.0,9511.0,7813.0,7719.0,7253.0,6787.0,17777.0,4358.0,12050.0,5661.0,11647.0,10154.0,15793.0,17626.0,12722.0,4599.0,17856.0,6645.0,17124.0,11284.0,17297.0,6066.0,12305.0,17802.0,14468.0,4517.0,16929.0,14045.5,11162.0,7609.0,6505.0,10350.0,19916.0,16426.0,
18845.0,3613.0,16642.0,5102.0,12729.0,18691.0,7963.0,5793.0,2985.0,11831.0,14650.0,3032.0,3725.0,17441.0,16560.0,7387.0,5706.0,17817.0,16096.0,19865.0,13381.0,5588.0,16639.0,16022.0,19573.0,10735.0,14330.0,9084.0,17180.0,10201.5,3223.0,7599.0,7265.0,4491.5,8035.0,5644.0,10240.0,14969.0,7450.0,13429.0,15164.0,17005.0,15675.0,13638.0,5629.0,4075.0,18079.0,3935.0,3542.0,13927.0,7183.0,18956.0,4270.0,2988.0,15793.0,10145.0,8678.0,14696.0,14416.0,16235.0,9812.0,10797.0,
12513.0,16142.0,9214.0,12387.0,15030.0,13711.0,8266.0,17460.0,4372.0,9074.0,14452.0,6420.0,19685.0,8156.0,10243.0,15082.0,10166.0,7603.0,11430.0,7014.0,6674.0,18016.0,11527.0,12536.0,
18355.0,5130.0,6719.0,10251.0,14725.0,9668.0,6130.0,12737.0,8460.0,5280.0,7376.0,6995.0,6334.0,9749.5,13165.0,9116.0,18075.0,4116.0,15986.0,3129.0,7637.0,12145.0,7488.0,4357.0,14281.0,14265.0,14823.0,3073.0,10653.0,14586.0,6607.0,5361.0,4723.0,11460.0,10930.5,10401.0,9072.0,18340.0,8071.0,5712.0,13862.0,5157.0,2917.0,17487.0,
13643.0,19499.0,7172.0,8916.0,6343.0,19390.0,10542.0,16740.0,9609.0,18443.0,13390.0,6604.0,14808.0,11151.0,5140.0,11254.0,15799.0,7819.0,10760.0,5262.0,11658.0,11357.0,8010.0,7048.0,6086.0,5060.0,18799.0,19333.0,17372.0,13237.0,14920.0,8367.0,5795.0,17287.0,15274.0,18428.0,15316.0,9107.0,17469.0,12887.0,10823.0,3226.0,19847.0,3974.0,5884.0,13517.0,13336.0,10620.0,9994.0,
7650.0,18064.0,15925.0,6339.0,5370.0,12291.0,5595.0,17641.0,5474.0,10804.0,16459.0,7368.0,9475.5,11583.0,7345.0,3107.0,7093.0,4380.0,9076.0,15047.0,6995.0,19882.0,18591.0,7695.0,10567.0,
5343.0,5634.0,18336.0,9676.0,5514.0,7202.0,14736.0,13089.0,16732.0,3788.0,9608.0,19460.0,3766.0,14272.0,11769.5,9267.0,4208.0,11366.0,14726.0,11882.0,18166.0,16289.0,13867.5,11446.0,17074.0,3693.0,12811.0,9433.0,4906.0,8355.0,18314.0,18253.5,18193.0,6580.0,13205.5,19831.0,17981.0,7672.0,15265.0,8361.0,6598.0,19313.0,17437.0,
7239.0,13758.0,16194.0,11925.0,5128.0,8001.0,17848.0,16205.0,8695.0,14352.0,5374.0,5399.0,9867.0,3993.0,12410.0,19101.0,16820.0,13737.0,5242.0,14865.0,13395.0,11925.0,11332.0,5958.0,5477.0,7552.0,11015.0,19615.0,10876.0,16915.0,10232.0,12788.0,17728.0,11317.0,6245.0,12652.0,15599.0,4030.0,7193.0,6483.0,17069.0,5803.0,3580.0,10979.0,18378.0,9948.0,14117.5,18287.0,3664.0,6822.0,9980.0,10218.0,13831.0,13892.0,16778.0,4364.0,3937.0,13472.0,16941.0,9913.0,14553.0,
5787.0,19251.0,18847.0,18664.0,15684.0,14043.0,11920.0,14314.0,5067.0,18078.0,7064.0,19951.0,10508.0,14916.0,12633.0,10350.0,18044.0,15315.0,15877.0,18731.0,6446.0,19270.0,8058.0,12311.0,7659.0,10107.0,12555.0,11276.5,9998.0,9840.0,12521.0,18327.0,7591.0,3941.0,15717.0,5376.0,13990.0,4472.0,15319.0,17485.0,12644.0,7049.0,9351.0,8692.0,4090.0,9755.5,15421.0,14823.0,14277.0,6587.0,16170.0,3030.0,15719.0,
11527.0,10720.0,7879.0,16972.0,15502.0,17802.0,3879.0,15265.0,3617.0,3551.0,8136.0,16652.0,10766.5,4881.0,3330.0,9895.0,7110.0,16432.0,14170.0,12760.0,
11107.0,14204.0,13416.0,5300.0,10016.0,10408.0,5707.0,5756.0,17902.0,3530.0,3666.0,15612.0,7725.0,19036.0,16098.0,13160.0,13087.5,13015.0,10485.0,7955.0,3096.0,6555.0,18995.0,14118.0,17037.0,4886.0,12842.0,14778.0,6346.0,12440.0,12991.0,13542.0,4704.0,5280.0,16355.0,10994.0,9716.0,13465.0,19764.0,8635.0,13652.0,7486.0,17192.0,19635.0,13017.0,11035.5,9054.0,18180.0,6599.0,14624.0,15996.0,5289.0,3840.0,14669.0,2981.0,
6035.0,13017.0,5013.0,9641.0,12471.0,9219.0,15957.0,15886.0,8378.0,18834.0,8462.0,18404.0,19161.0,19918.0,12969.0,14081.0,8099.0,9304.0,12755.0,4611.0,16145.0,15618.0,15091.0,10756.0,11750.0,16163.0,7851.0,6159.0,3721.0,8718.0,14743.0,7860.0,13323.0,18770.0,5823.0,14340.0,8197.0,12339.0,12023.5,11708.0,16718.0,17037.0,17356.0,19893.0,14769.0,18637.0,11105.0,16198.0,16881.0,19251.0,19857.0,
17363.0,4572.0,16439.0,9966.0,13979.0,12310.0,9554.0,8029.0,12928.0,6963.0,14391.0,6923.0,4546.0,10693.0,8195.5,5698.0,14097.0,9489.0,9585.0,18901.0,6066.0,7780.0,6081.0,16133.0,11148.0,4338.0,13725.0,13698.0,7343.0,9858.0,4316.0,13744.0,7705.5,10726.0,13905.0,19359.0,12145.0,11802.0,11459.0,11570.0,9045.0,8312.0,8588.0,7294.0,10366.0,14880.0,5614.0,4218.0,9913.0,15076.0,16147.0,4517.0,5956.0,7642.0,19650.0,12227.0,14077.0,19767.0,
17116.0,14168.0,19599.0,10134.0,17374.0,6832.0,15809.0,5370.0,14109.0,8693.0,16354.0,17676.0,16963.0,17182.0,16161.0,10651.0,7658.0,19035.0,16290.0,6754.0,10091.0,3323.0,3071.0,10966.0,13970.0,3693.0,4797.0,5901.0,15662.0,17858.0,18430.0,11053.0,14453.0,10670.0,7068.0,17825.0,7731.0,16325.0,14550.0,12892.0,3093.0,16183.0,
16415.0,16551.0,11921.0,19306.0,19384.0,9803.0,6374.0,6303.0,19650.0,9924.0,8888.0,18216.0,9217.0,15088.0,12036.0,8984.0,8174.0,17270.0,15075.0,7492.0,19393.0,14373.0,6430.0,
18505.0,5167.0,15179.0,3994.0,13853.0,11989.0,6925.0,7339.0,4626.0,18296.0,10533.0,11824.5,13116.0,19956.0,6341.0,10870.0,12347.0,6145.0,17232.0,17245.0,11461.0,7233.0,5671.5,4110.0,8516.0,11919.5,15323.0,10346.0,17698.0,16721.0,3052.0,14135.0,6957.0,14182.0,8896.0,13049.0,3596.0,14239.0,8940.0,16892.0,18769.0,8101.0,5147.0,10609.5,16072.0,6739.0,4570.0,19538.0,5802.0,13746.0,4487.0,4116.0,12100.0,16138.0,12508.0,7972.0,12156.0,
14660.0,11179.0,10604.0,13414.0,18184.0,7439.0,3427.0,18354.0,16148.5,13943.0,19664.0,9570.0,3392.0,5715.0,13822.0,18324.0,11989.0,3574.0,17034.0,9581.5,18223.0,14298.0,10373.0,9802.0,19750.0,16271.5,12793.0,17271.0,8192.0,18725.0,19102.0,17358.0,8276.0,15071.0,11624.0,14675.0,10941.0,8715.0,9659.0,
7727.0,6676.0,10175.0,10039.0,18020.0,8067.0,13605.0,8913.0,6842.0,19944.0,3060.0,13719.0,17454.0,12482.0,16161.0,15499.0,9440.0,14986.0,8142.0,15831.0,15086.0,18370.0,17147.0,5576.0,3140.0,13250.0,8408.0,12498.0,16669.0,19380.0,13462.0,19861.0,12508.0,9977.0,3442.0,15476.0,12154.0,17427.0,3539.0,19195.0,17572.0,
3289.0,12204.0,12535.0,5466.0,16566.0,7026.0,8250.0,5514.0,3517.0,19448.0,14311.0,15607.0,12851.0,10095.0,14908.0,11469.0,7367.0,6535.0,4159.0,11760.0,9940.0,8375.0,10100.0,12165.0,14141.0,10342.0,9040.0,2985.0,9848.0,12213.0,7896.0,
12312.0,7146.0,5026.0,8647.0,6991.0,19760.0,19976.0,10099.0,5449.0,13509.0,7930.0,3355.0,11040.0,8632.0,16551.0,5303.0,14861.0,4764.0,16219.0,12708.0,9197.0,12424.0,12883.0,16642.0,
6404.0,3604.0,5068.0,17793.0,11254.0,3504.0,15890.0,7003.0,5585.0,9141.0,10015.0,17265.0,14438.0,11635.5,8833.0,12287.0,5180.0,3814.0,15631.0,3097.0,6313.0,18439.0,4746.0,16924.0,
12189.0,8280.0,7926.0,9065.0,14319.0,11924.0,15939.0,18796.0,10180.0,7883.0,10073.0,12263.0,12405.0,17125.0,16487.0,15849.0,8534.0,12624.0,7570.0,19747.0,9304.0,17094.0,6179.0,3068.0,4039.0,5010.0,19272.0,16873.0,13814.0,6824.0,18994.0,3034.0,
19573.0,15411.0,11044.0,11676.0,19157.0,17148.0,9645.0,9231.0,17755.0,10938.0,13439.0,11202.0,14665.0,7215.0,6419.0,4158.0,14784.0,18465.0,3713.0,4712.0,8231.0,16966.0,13363.0,9760.0,19851.0,6868.0,10043.0,17514.0,19870.0,18037.0,7562.0,14587.0,14807.0,17215.0,19623.0,12192.0,7032.0,9524.0,9628.0,14569.0,8031.0,4688.0,6603.0,16638.0,15887.0,9808.0,11313.0,
8532.0,11105.0,17643.0,12921.0,18505.0,6632.0,9281.0,8417.0,11960.0,14486.0,8548.0,17296.0,3626.0,5903.0,17996.0,13789.0,16947.0,4001.0,19318.0,7630.0,13619.0,14186.0,12622.0,8779.0,19384.0,18819.0,8098.0,9612.0,10496.0,18926.0,16953.0,14980.0,11957.0,5763.0,15350.0,19536.0,12256.0,7427.0,7150.0,19749.0,12446.0,5179.0,17131.0,5839.0,17293.0,18965.0,10074.5,10888.0,6711.0,5135.0,14172.0,12865.0,7147.0,5248.0,16501.0,5986.0,
