2769530013
-5850038690
4946027256
991401156
-1255370238
3563920376
-4366182817
-7836266142
6266696271
17280848755
6127414767
2139326136
-2996025434
-6706014777
479958554
-11267358989
3302170240
10831150323
19394526435
-653421441
5723470221
5947233999
-4286626330
3728716406
-1472104840
702690266
12164063205
-4559484867
4238891022
3078413405
-4398414957
-10565019781
-688677155
12231983267
-7902301248
-3599477989
-3342622408
4222832630
340257635
-4855324716
-14219924452
6073597785
4905615711
-4287823763
19846434482
-472302937
4837350281
6018931532
9564104807
477899398
-14733671559
-7822468010
-13382537979
26294789380
16462989179
4412696462
-15929620655
-3609589646
-1884835725
2635718921
11443010203
-12613319126
-4511114966
14952944173
8428897444
-16757628789
